4411322153523343232154542612216326446564452133535526223235633323
3122154535521511411233122264655135354422346266254322456652374122
4431512143413132234141365335126154241123151216624311757722422751
3322144521513541154142251155521326523152256621414127375346471655
1112315154244244155115262333412232146341364462467277622472424642
2222252524442211465653515334413323424142665221751365237427332764
3233423453143221156645216254421323224653337371357343166665337275
5331125125212131333142361214163553154325521257125634163751327236
4325531544525516563656312565324452527315743142377247131361262571
4414352145254531145221232253151661712245466244272476622241675774
4554314133234256665536252622436534547122646517113523674537566661
3111215355226314333314341514335751144447146276156335666367415472
3432345324646556462333253653443662622677265354116257741627768468
5414412443265416362253264446564363314732247444335431346585833858
4313212522654521533516535425267214261545442351525346885825338364
5424222212553324646635211116244616614261332666725384753442687265
1143416423311225645545622711337112353462525465377485348265522884
5455324643534514233663224765272152242415225682244278487724358272
1354526141525661532237445547225112661653728854674432884333787628
3121556234565553531671237571452633132446623378828372325843747446
2535656451162523122252627346244654563726783387638872784533666463
2422223452435422125573563363443565252377276433654478832643766537
4432551624443321613225537576452777233774285276474538827856235433
4256442255651314143246143677326551623574572263464257833377546484
3465545334253254435516612165726326822737535672465684833545856533
3362421455522463317174724311145785337834775247626373862679746667
6632526611563113457215475562425533537864838853447258748544853359
5346526161526546652325175544158727828756863565873885855833377334
4116245614343615263437715143634774785474257847552957969533664993
4455542356366236564366365416536432327265234362459438985874438474
